0 3907 1023 62 1
537 3825 77 1 2
644 3775 77 1 2
751 3725 77 1 2
854 3675 77 1 2
751 3625 77 1 2
644 3575 77 1 2
537 3525 77 1 2
434 3475 77 1 2
331 3425 77 1 2
228 3375 77 1 2
125 3325 77 1 2
22 3275 77 1 2
125 3205 77 1 2
228 3135 77 1 2
331 3065 77 1 2
434 2995 77 1 2
537 2925 150 1 2
614 2825 77 1 2
691 2725 77 1 2
768 2625 77 1 2
845 2525 77 1 2
922 2425 77 1 2
815 2345 77 1 2
708 2265 77 1 2
601 2185 77 1 2
494 2105 77 1 2
387 2025 77 1 2
280 1945 77 1 2
173 1865 77 1 2
66 1785 150 1 2
119 1685 77 1 2
236 1685 20 1 3
316 1685 77 1 2
453 1685 20 1 3
533 1685 77 1 2
670 1685 20 1 3
730 1685 77 1 2
867 1685 20 1 3
956 1685 20 1 3
956 1585 20 1 3
956 1485 20 1 3
956 1385 20 1 3
956 1285 20 1 3
956 1185 20 1 3
956 1085 20 1 3
786 1085 150 1 2
679 985 77 1 2
572 885 77 1 2
465 785 77 1 2
358 685 77 1 2
251 585 77 1 2
144 485 77 1 2
0 385 150 1 2
30 250 63 135 201