0 3907 1023 62 1
100  3807 20 1 3
100  3707 20 1 3
100  3607 20 1 3
200  3607 250 1 6
434  3607 250 1 6
668  3607 250 1 6
902  3607 250 1 6
100  3507 20 1 3
100  3407 77 1 2
200  3407 77 1 2
280 3407 19 19 107
300  3407 77 1 2
400  3407 77 1 2
480 3407 19 19 107
500  3407 77 1 2
600  3407 77 1 2
700 3310 250 1 6
430 3250 250 1 4
700 3190 250 1 6
430 3130 250 1 4
676 3262 19 19 107
150 3130 250 1 6
250 3115 15 15 101
0 3050 250 1 6
100 3035 15 15 101
300 3010 250 1 4
600 2980 250 1 4
900 2940 77 1 2
900 2900 77 1 2
935 2750 19 19 107
783 2860 77 1 2
765 2845 15 15 101
706 2860 77 1 2
413 2820 250 1 4
398 2720 19 19 107
143 2780 250 1 6
26 2680 77 1 2
26 2580 20 1 3
26 2480 20 1 3
26 2380 20 1 3
26 2280 250 1 4
280 2300 15 15 107 
300 2280 250 1 4
560 2300 15 15 107
590 2280 250 1 4
880 2240 77 1 2
937 2140 20 1 3
937 2040 20 1 3
937 1940 20 1 3
880 1840 77 1 2
850 1860 19 19 106
760 1880 77 1 2
640 1840 77 1 2
520 1800 77 1 2
435 1822 15 15 106
400 1840 77 1 2
280 1800 77 1 2
160 1760 77 1 2
40 1760 77 1 2
40 1660 20 1 3
40 1560 20 1 3
40 1460 20 1 3
40 1360 20 1 3
40 1260 77 1 2
106 1245 15 15 101
111 1260 77 1 2
238 1220 77 1 2
310 1205 15 15 101 
315 1220 77 1 2
442 1180 77 1 2
514 1165 15 15 101
519 1180 77 1 2
646 1140 77 1 2
718 1125 15 15 101
723 1140 77 1 2 
850 1140 77 1 2
907 1040 20 1 3
907 940 20 1 3
850 200 77 1 2
885 200 12 709 301
733 240 77 1 2
615 200 77 1 2
650 200 12 709 301
615 933 77 1 2
498 973 77 1 2
381 933 77 1 2
381 200 77 1 2
416 200 12 709 301
884 855 19 19 106
773 680 19 19 106
762 500 19 19 106
652 868 19 19 106
985 374 19 19 106
293 803 19 19 106
528 606 19 19 106
306 423 19 19 106
522 315 19 19 106
0 160 323 1 7
0 25 63 135 201