0 3907 1023 62 1
737 3500 77 1 2
750 3500 12 258 301
700 3800 250 1 4
790 3571 17 75 102
756 3620 33 9 103
638 3481 77 1 2
537 3442 77 1 2
430 3400 77 1 2
330 3360 77 1 2
230 3320 77 1 2
130 3280 77 1 2
190 3180 20 1 3
129 3137 19 19 106
190 3080 20 1 3
190 2980 20 1 3
190 2880 20 1 3
129 2838 19 19 106
190 2780 20 1 3
190 2680 20 1 3
80 2660 19 19 106
250 2660 77 1 2
349 2620 77 1 2
450 2580 77 1 2
550 2540 77 1 2
650 2500 77 1 2
750 2460 77 1 2
850 2420 77 1 2 
800 2405 20 1 3
800 2305 20 1 3
800 2205 20 1 3
800 2105 20 1 3
800 2005 20 1 3
800 1905 20 1 3
955 2405 20 1 3
955 2305 20 1 3
999 2209 17 75 102
966 2260 33 9 103
955 2205 20 1 3
955 2105 20 1 3
999 2005 17 75 102
966 2056 33 9 103
955 2005 20 1 3
955 1905 20 1 3
999 1805 17 75 102
966 1856 33 9 103
955 1805 20 1 3
955 1705 20 1 3
665 1705 250 1 4
410 1675 250 1 4
505 1660 15 15 101
155 1645 250 1 4
155 1545 77 1 2
240 1450 19 19 107
255 1505 77 1 2
355 1465 77 1 2
440 1427 19 19 107
455 1425 77 1 2
555 1385 77 1 2
640 1357 19 19 107
655 1345 77 1 2
755 1305 77 1 2
855 1265 77 1 2
888 1206 19 19 107
955 1265 20 1 3
955 1165 20 1 3
895 1115 19 19 106
955 1065 20 1 3
955 965 20 1 3
895 915 19 19 106
955 865 20 1 3
955 765 20 1 3
895 715 19 19 106
955 665 20 1 3
955 565 20 1 3
895 515 19 19 106
955 465 20 1 3
855 365 150 1 2
918 355 15 15 101
855 230 63 135 201